Кількість згенерованих розміщень: 504

   1: [1, 2, 3]
   2: [1, 2, 4]
   3: [1, 2, 5]
   4: [1, 2, 6]
   5: [1, 2, 7]
   6: [1, 2, 8]
   7: [1, 2, 9]
   8: [1, 3, 2]
   9: [1, 3, 4]
  10: [1, 3, 5]
  11: [1, 3, 6]
  12: [1, 3, 7]
  13: [1, 3, 8]
  14: [1, 3, 9]
  15: [1, 4, 2]
  16: [1, 4, 3]
  17: [1, 4, 5]
  18: [1, 4, 6]
  19: [1, 4, 7]
  20: [1, 4, 8]
  21: [1, 4, 9]
  22: [1, 5, 2]
  23: [1, 5, 3]
  24: [1, 5, 4]
  25: [1, 5, 6]
  26: [1, 5, 7]
  27: [1, 5, 8]
  28: [1, 5, 9]
  29: [1, 6, 2]
  30: [1, 6, 3]
  31: [1, 6, 4]
  32: [1, 6, 5]
  33: [1, 6, 7]
  34: [1, 6, 8]
  35: [1, 6, 9]
  36: [1, 7, 2]
  37: [1, 7, 3]
  38: [1, 7, 4]
  39: [1, 7, 5]
  40: [1, 7, 6]
  41: [1, 7, 8]
  42: [1, 7, 9]
  43: [1, 8, 2]
  44: [1, 8, 3]
  45: [1, 8, 4]
  46: [1, 8, 5]
  47: [1, 8, 6]
  48: [1, 8, 7]
  49: [1, 8, 9]
  50: [1, 9, 2]
  51: [1, 9, 3]
  52: [1, 9, 4]
  53: [1, 9, 5]
  54: [1, 9, 6]
  55: [1, 9, 7]
  56: [1, 9, 8]
  57: [2, 1, 3]
  58: [2, 1, 4]
  59: [2, 1, 5]
  60: [2, 1, 6]
  61: [2, 1, 7]
  62: [2, 1, 8]
  63: [2, 1, 9]
  64: [2, 3, 1]
  65: [2, 3, 4]
  66: [2, 3, 5]
  67: [2, 3, 6]
  68: [2, 3, 7]
  69: [2, 3, 8]
  70: [2, 3, 9]
  71: [2, 4, 1]
  72: [2, 4, 3]
  73: [2, 4, 5]
  74: [2, 4, 6]
  75: [2, 4, 7]
  76: [2, 4, 8]
  77: [2, 4, 9]
  78: [2, 5, 1]
  79: [2, 5, 3]
  80: [2, 5, 4]
  81: [2, 5, 6]
  82: [2, 5, 7]
  83: [2, 5, 8]
  84: [2, 5, 9]
  85: [2, 6, 1]
  86: [2, 6, 3]
  87: [2, 6, 4]
  88: [2, 6, 5]
  89: [2, 6, 7]
  90: [2, 6, 8]
  91: [2, 6, 9]
  92: [2, 7, 1]
  93: [2, 7, 3]
  94: [2, 7, 4]
  95: [2, 7, 5]
  96: [2, 7, 6]
  97: [2, 7, 8]
  98: [2, 7, 9]
  99: [2, 8, 1]
 100: [2, 8, 3]
 101: [2, 8, 4]
 102: [2, 8, 5]
 103: [2, 8, 6]
 104: [2, 8, 7]
 105: [2, 8, 9]
 106: [2, 9, 1]
 107: [2, 9, 3]
 108: [2, 9, 4]
 109: [2, 9, 5]
 110: [2, 9, 6]
 111: [2, 9, 7]
 112: [2, 9, 8]
 113: [3, 1, 2]
 114: [3, 1, 4]
 115: [3, 1, 5]
 116: [3, 1, 6]
 117: [3, 1, 7]
 118: [3, 1, 8]
 119: [3, 1, 9]
 120: [3, 2, 1]
 121: [3, 2, 4]
 122: [3, 2, 5]
 123: [3, 2, 6]
 124: [3, 2, 7]
 125: [3, 2, 8]
 126: [3, 2, 9]
 127: [3, 4, 1]
 128: [3, 4, 2]
 129: [3, 4, 5]
 130: [3, 4, 6]
 131: [3, 4, 7]
 132: [3, 4, 8]
 133: [3, 4, 9]
 134: [3, 5, 1]
 135: [3, 5, 2]
 136: [3, 5, 4]
 137: [3, 5, 6]
 138: [3, 5, 7]
 139: [3, 5, 8]
 140: [3, 5, 9]
 141: [3, 6, 1]
 142: [3, 6, 2]
 143: [3, 6, 4]
 144: [3, 6, 5]
 145: [3, 6, 7]
 146: [3, 6, 8]
 147: [3, 6, 9]
 148: [3, 7, 1]
 149: [3, 7, 2]
 150: [3, 7, 4]
 151: [3, 7, 5]
 152: [3, 7, 6]
 153: [3, 7, 8]
 154: [3, 7, 9]
 155: [3, 8, 1]
 156: [3, 8, 2]
 157: [3, 8, 4]
 158: [3, 8, 5]
 159: [3, 8, 6]
 160: [3, 8, 7]
 161: [3, 8, 9]
 162: [3, 9, 1]
 163: [3, 9, 2]
 164: [3, 9, 4]
 165: [3, 9, 5]
 166: [3, 9, 6]
 167: [3, 9, 7]
 168: [3, 9, 8]
 169: [4, 1, 2]
 170: [4, 1, 3]
 171: [4, 1, 5]
 172: [4, 1, 6]
 173: [4, 1, 7]
 174: [4, 1, 8]
 175: [4, 1, 9]
 176: [4, 2, 1]
 177: [4, 2, 3]
 178: [4, 2, 5]
 179: [4, 2, 6]
 180: [4, 2, 7]
 181: [4, 2, 8]
 182: [4, 2, 9]
 183: [4, 3, 1]
 184: [4, 3, 2]
 185: [4, 3, 5]
 186: [4, 3, 6]
 187: [4, 3, 7]
 188: [4, 3, 8]
 189: [4, 3, 9]
 190: [4, 5, 1]
 191: [4, 5, 2]
 192: [4, 5, 3]
 193: [4, 5, 6]
 194: [4, 5, 7]
 195: [4, 5, 8]
 196: [4, 5, 9]
 197: [4, 6, 1]
 198: [4, 6, 2]
 199: [4, 6, 3]
 200: [4, 6, 5]
 201: [4, 6, 7]
 202: [4, 6, 8]
 203: [4, 6, 9]
 204: [4, 7, 1]
 205: [4, 7, 2]
 206: [4, 7, 3]
 207: [4, 7, 5]
 208: [4, 7, 6]
 209: [4, 7, 8]
 210: [4, 7, 9]
 211: [4, 8, 1]
 212: [4, 8, 2]
 213: [4, 8, 3]
 214: [4, 8, 5]
 215: [4, 8, 6]
 216: [4, 8, 7]
 217: [4, 8, 9]
 218: [4, 9, 1]
 219: [4, 9, 2]
 220: [4, 9, 3]
 221: [4, 9, 5]
 222: [4, 9, 6]
 223: [4, 9, 7]
 224: [4, 9, 8]
 225: [5, 1, 2]
 226: [5, 1, 3]
 227: [5, 1, 4]
 228: [5, 1, 6]
 229: [5, 1, 7]
 230: [5, 1, 8]
 231: [5, 1, 9]
 232: [5, 2, 1]
 233: [5, 2, 3]
 234: [5, 2, 4]
 235: [5, 2, 6]
 236: [5, 2, 7]
 237: [5, 2, 8]
 238: [5, 2, 9]
 239: [5, 3, 1]
 240: [5, 3, 2]
 241: [5, 3, 4]
 242: [5, 3, 6]
 243: [5, 3, 7]
 244: [5, 3, 8]
 245: [5, 3, 9]
 246: [5, 4, 1]
 247: [5, 4, 2]
 248: [5, 4, 3]
 249: [5, 4, 6]
 250: [5, 4, 7]
 251: [5, 4, 8]
 252: [5, 4, 9]
 253: [5, 6, 1]
 254: [5, 6, 2]
 255: [5, 6, 3]
 256: [5, 6, 4]
 257: [5, 6, 7]
 258: [5, 6, 8]
 259: [5, 6, 9]
 260: [5, 7, 1]
 261: [5, 7, 2]
 262: [5, 7, 3]
 263: [5, 7, 4]
 264: [5, 7, 6]
 265: [5, 7, 8]
 266: [5, 7, 9]
 267: [5, 8, 1]
 268: [5, 8, 2]
 269: [5, 8, 3]
 270: [5, 8, 4]
 271: [5, 8, 6]
 272: [5, 8, 7]
 273: [5, 8, 9]
 274: [5, 9, 1]
 275: [5, 9, 2]
 276: [5, 9, 3]
 277: [5, 9, 4]
 278: [5, 9, 6]
 279: [5, 9, 7]
 280: [5, 9, 8]
 281: [6, 1, 2]
 282: [6, 1, 3]
 283: [6, 1, 4]
 284: [6, 1, 5]
 285: [6, 1, 7]
 286: [6, 1, 8]
 287: [6, 1, 9]
 288: [6, 2, 1]
 289: [6, 2, 3]
 290: [6, 2, 4]
 291: [6, 2, 5]
 292: [6, 2, 7]
 293: [6, 2, 8]
 294: [6, 2, 9]
 295: [6, 3, 1]
 296: [6, 3, 2]
 297: [6, 3, 4]
 298: [6, 3, 5]
 299: [6, 3, 7]
 300: [6, 3, 8]
 301: [6, 3, 9]
 302: [6, 4, 1]
 303: [6, 4, 2]
 304: [6, 4, 3]
 305: [6, 4, 5]
 306: [6, 4, 7]
 307: [6, 4, 8]
 308: [6, 4, 9]
 309: [6, 5, 1]
 310: [6, 5, 2]
 311: [6, 5, 3]
 312: [6, 5, 4]
 313: [6, 5, 7]
 314: [6, 5, 8]
 315: [6, 5, 9]
 316: [6, 7, 1]
 317: [6, 7, 2]
 318: [6, 7, 3]
 319: [6, 7, 4]
 320: [6, 7, 5]
 321: [6, 7, 8]
 322: [6, 7, 9]
 323: [6, 8, 1]
 324: [6, 8, 2]
 325: [6, 8, 3]
 326: [6, 8, 4]
 327: [6, 8, 5]
 328: [6, 8, 7]
 329: [6, 8, 9]
 330: [6, 9, 1]
 331: [6, 9, 2]
 332: [6, 9, 3]
 333: [6, 9, 4]
 334: [6, 9, 5]
 335: [6, 9, 7]
 336: [6, 9, 8]
 337: [7, 1, 2]
 338: [7, 1, 3]
 339: [7, 1, 4]
 340: [7, 1, 5]
 341: [7, 1, 6]
 342: [7, 1, 8]
 343: [7, 1, 9]
 344: [7, 2, 1]
 345: [7, 2, 3]
 346: [7, 2, 4]
 347: [7, 2, 5]
 348: [7, 2, 6]
 349: [7, 2, 8]
 350: [7, 2, 9]
 351: [7, 3, 1]
 352: [7, 3, 2]
 353: [7, 3, 4]
 354: [7, 3, 5]
 355: [7, 3, 6]
 356: [7, 3, 8]
 357: [7, 3, 9]
 358: [7, 4, 1]
 359: [7, 4, 2]
 360: [7, 4, 3]
 361: [7, 4, 5]
 362: [7, 4, 6]
 363: [7, 4, 8]
 364: [7, 4, 9]
 365: [7, 5, 1]
 366: [7, 5, 2]
 367: [7, 5, 3]
 368: [7, 5, 4]
 369: [7, 5, 6]
 370: [7, 5, 8]
 371: [7, 5, 9]
 372: [7, 6, 1]
 373: [7, 6, 2]
 374: [7, 6, 3]
 375: [7, 6, 4]
 376: [7, 6, 5]
 377: [7, 6, 8]
 378: [7, 6, 9]
 379: [7, 8, 1]
 380: [7, 8, 2]
 381: [7, 8, 3]
 382: [7, 8, 4]
 383: [7, 8, 5]
 384: [7, 8, 6]
 385: [7, 8, 9]
 386: [7, 9, 1]
 387: [7, 9, 2]
 388: [7, 9, 3]
 389: [7, 9, 4]
 390: [7, 9, 5]
 391: [7, 9, 6]
 392: [7, 9, 8]
 393: [8, 1, 2]
 394: [8, 1, 3]
 395: [8, 1, 4]
 396: [8, 1, 5]
 397: [8, 1, 6]
 398: [8, 1, 7]
 399: [8, 1, 9]
 400: [8, 2, 1]
 401: [8, 2, 3]
 402: [8, 2, 4]
 403: [8, 2, 5]
 404: [8, 2, 6]
 405: [8, 2, 7]
 406: [8, 2, 9]
 407: [8, 3, 1]
 408: [8, 3, 2]
 409: [8, 3, 4]
 410: [8, 3, 5]
 411: [8, 3, 6]
 412: [8, 3, 7]
 413: [8, 3, 9]
 414: [8, 4, 1]
 415: [8, 4, 2]
 416: [8, 4, 3]
 417: [8, 4, 5]
 418: [8, 4, 6]
 419: [8, 4, 7]
 420: [8, 4, 9]
 421: [8, 5, 1]
 422: [8, 5, 2]
 423: [8, 5, 3]
 424: [8, 5, 4]
 425: [8, 5, 6]
 426: [8, 5, 7]
 427: [8, 5, 9]
 428: [8, 6, 1]
 429: [8, 6, 2]
 430: [8, 6, 3]
 431: [8, 6, 4]
 432: [8, 6, 5]
 433: [8, 6, 7]
 434: [8, 6, 9]
 435: [8, 7, 1]
 436: [8, 7, 2]
 437: [8, 7, 3]
 438: [8, 7, 4]
 439: [8, 7, 5]
 440: [8, 7, 6]
 441: [8, 7, 9]
 442: [8, 9, 1]
 443: [8, 9, 2]
 444: [8, 9, 3]
 445: [8, 9, 4]
 446: [8, 9, 5]
 447: [8, 9, 6]
 448: [8, 9, 7]
 449: [9, 1, 2]
 450: [9, 1, 3]
 451: [9, 1, 4]
 452: [9, 1, 5]
 453: [9, 1, 6]
 454: [9, 1, 7]
 455: [9, 1, 8]
 456: [9, 2, 1]
 457: [9, 2, 3]
 458: [9, 2, 4]
 459: [9, 2, 5]
 460: [9, 2, 6]
 461: [9, 2, 7]
 462: [9, 2, 8]
 463: [9, 3, 1]
 464: [9, 3, 2]
 465: [9, 3, 4]
 466: [9, 3, 5]
 467: [9, 3, 6]
 468: [9, 3, 7]
 469: [9, 3, 8]
 470: [9, 4, 1]
 471: [9, 4, 2]
 472: [9, 4, 3]
 473: [9, 4, 5]
 474: [9, 4, 6]
 475: [9, 4, 7]
 476: [9, 4, 8]
 477: [9, 5, 1]
 478: [9, 5, 2]
 479: [9, 5, 3]
 480: [9, 5, 4]
 481: [9, 5, 6]
 482: [9, 5, 7]
 483: [9, 5, 8]
 484: [9, 6, 1]
 485: [9, 6, 2]
 486: [9, 6, 3]
 487: [9, 6, 4]
 488: [9, 6, 5]
 489: [9, 6, 7]
 490: [9, 6, 8]
 491: [9, 7, 1]
 492: [9, 7, 2]
 493: [9, 7, 3]
 494: [9, 7, 4]
 495: [9, 7, 5]
 496: [9, 7, 6]
 497: [9, 7, 8]
 498: [9, 8, 1]
 499: [9, 8, 2]
 500: [9, 8, 3]
 501: [9, 8, 4]
 502: [9, 8, 5]
 503: [9, 8, 6]
 504: [9, 8, 7]
